65 35 4 1 0
0.004679290210579634
0.005853882066019983
0.008740781411458608
0.01236868501403175
0.013442346087505826
0.015069528546499988
0.021392787152223286
0.027018982304623407
0.025106812699484265
0.020766892836292055
0.021774378786373092
0.023587446931520865
0.01966675817578185
0.0155833259430615
0.014788867826029468
0.006033902825036728
-0.013873541440186085
-0.025755807285155363
-0.02162381126346759
-0.02532484682818874
-0.05010539758339214
-0.07164615434568422
-0.07866703270312743
-0.09920104999212928
-0.12910795596215746
-0.1097312205701556
-0.055997579331250304
-0.10593501324139441
-0.29098235266566486
-0.3414172561036211
0.03692348133710385
0.6768249629443527
1.0
0.6768249629443527
0.03692348133710385
-0.3414172561036211
-0.29098235266566486
-0.10593501324139441
-0.055997579331250304
-0.1097312205701556
-0.12910795596215746
-0.09920104999212928
-0.07866703270312743
-0.07164615434568422
-0.05010539758339214
-0.02532484682818874
-0.02162381126346759
-0.025755807285155363
-0.013873541440186085
0.006033902825036728
0.014788867826029468
0.0155833259430615
0.01966675817578185
0.023587446931520865
0.021774378786373092
0.020766892836292055
0.025106812699484265
0.027018982304623407
0.021392787152223286
0.015069528546499988
0.013442346087505826
0.01236868501403175
0.008740781411458608
0.005853882066019983
0.004679290210579634
