-0.02254099001255211
-0.022905585216326647
-0.02096910429818039
-0.020770075439386734
-0.02252783605121042
-0.022977244828513214
-0.02287876525531059
-0.025023466090940506
-0.02653565285650678
-0.023613407251572956
-0.02086024369106954
-0.02415453959597785
-0.02883196380321847
-0.027886555789764133
-0.025196111902376687
-0.026422966422472015
-0.026571588273228836
-0.022549133364084324
-0.024271129015066475
-0.03458308486616992
-0.036633625627846056
-0.023484683548995966
-0.016328638993613392
-0.027040717117246992
-0.03438187679208605
-0.028644492297360408
-0.034828240507371815
-0.049556041143402764
-0.02135115339156551
0.036342616093988936
0.0014773763026489743
-0.15392238855304483
-0.1920708185010422
0.14642119165137366
0.7138878241863416
1.0
0.7138878241863416
0.14642119165137366
-0.1920708185010422
-0.15392238855304483
0.0014773763026489743
0.036342616093988936
-0.02135115339156551
-0.049556041143402764
-0.034828240507371815
-0.028644492297360408
-0.03438187679208605
-0.027040717117246992
-0.016328638993613392
-0.023484683548995966
-0.036633625627846056
-0.03458308486616992
-0.024271129015066475
-0.022549133364084324
-0.026571588273228836
-0.026422966422472015
-0.025196111902376687
-0.027886555789764133
-0.02883196380321847
-0.02415453959597785
-0.02086024369106954
-0.023613407251572956
-0.02653565285650678
-0.025023466090940506
-0.02287876525531059
-0.022977244828513214
-0.02252783605121042
-0.020770075439386734
-0.02096910429818039
-0.022905585216326647
-0.02254099001255211
