0.00467929
0.00585388
0.00874078
0.01236869
0.01344235
0.01506953
0.02139279
0.02701898
0.02510681
0.02076689
0.02177438
0.02358745
0.01966676
0.01558333
0.01478887
0.00603390
-0.01387354
-0.02575581
-0.02162381
-0.02532485
-0.05010540
-0.07164615
-0.07866703
-0.09920105
-0.12910796
-0.10973122
-0.05599758
-0.10593501
-0.29098235
-0.34141726
0.03692348
0.67682496
1.00000000
0.67682496
0.03692348
-0.34141726
-0.29098235
-0.10593501
-0.05599758
-0.10973122
-0.12910796
-0.09920105
-0.07866703
-0.07164615
-0.05010540
-0.02532485
-0.02162381
-0.02575581
-0.01387354
0.00603390
0.01478887
0.01558333
0.01966676
0.02358745
0.02177438
0.02076689
0.02510681
0.02701898
0.02139279
0.01506953
0.01344235
0.01236869
0.00874078
0.00585388
0.00467929
