0.00585388 -0.12400000
0.00874078 -0.12000000
0.01236869 -0.11600000
0.01344235 -0.11200000
0.01506953 -0.10800000
0.02139279 -0.10400000
0.02701898 -0.10000000
0.02510681 -0.09600000
0.02076689 -0.09200000
0.02177438 -0.08800000
0.02358745 -0.08400000
0.01966676 -0.08000000
0.01558333 -0.07600000
0.01478887 -0.07200000
0.00603390 -0.06800000
-0.01387354 -0.06400000
-0.02575581 -0.06000000
-0.02162381 -0.05600000
-0.02532485 -0.05200000
-0.05010540 -0.04800000
-0.07164615 -0.04400000
-0.07866703 -0.04000000
-0.09920105 -0.03600000
-0.12910796 -0.03200000
-0.10973122 -0.02800000
-0.05599758 -0.02400000
-0.10593501 -0.02000000
-0.29098235 -0.01600000
-0.34141726 -0.01200000
0.03692348 -0.00800000
0.67682496 -0.00400000
1.00000000 0.00000000
0.67682496 0.00400000
0.03692348 0.00800000
-0.34141726 0.01200000
-0.29098235 0.01600000
-0.10593501 0.02000000
-0.05599758 0.02400000
-0.10973122 0.02800000
-0.12910796 0.03200000
-0.09920105 0.03600000
-0.07866703 0.04000000
-0.07164615 0.04400000
-0.05010540 0.04800000
-0.02532485 0.05200000
-0.02162381 0.05600000
-0.02575581 0.06000000
-0.01387354 0.06400000
0.00603390 0.06800000
0.01478887 0.07200000
0.01558333 0.07600000
0.01966676 0.08000000
0.02358745 0.08400000
0.02177438 0.08800000
0.02076689 0.09200000
0.02510681 0.09600000
0.02701898 0.10000000
0.02139279 0.10400000
0.01506953 0.10800000
0.01344235 0.11200000
0.01236869 0.11600000
0.00874078 0.12000000
0.00585388 0.12400000
